0  4627  1 4628
1  4626  1 4627
2  4626  1 4627
3  4626  1 4627
4  4626  1 4627
5  4626  1 4627
6  4625  2 4627
7  4624  3 4627
8  4623  4 4627
9  4623  4 4627
10  4623  4 4627
11  4623  4 4627
12  4623  4 4627
13  4623  4 4627
14  4623  4 4627
15  4623  4 4627
16  4623  4 4627
17  4622  5 4627
18  4622  5 4627
19  4621  6 4627
20  4621  6 4627
21  4621  6 4627
22  4621  6 4627
23  4621  6 4627
24  4621  6 4627
25  4619  8 4627
26  4618  9 4627
27  4618  9 4627
28  4617  10 4627
29  4617  10 4627
30  4615  12 4627
31  4614  13 4627
32  4613  14 4627
33  4613  14 4627
34  4613  14 4627
35  4612  15 4627
36  4612  15 4627
37  4612  15 4627
38  4611  16 4627
39  4610  17 4627
40  4610  17 4627
41  4610  17 4627
42  4610  17 4627
43  4610  17 4627
44  4609  18 4627
45  4609  18 4627
46  4608  19 4627
47  4608  19 4627
48  4608  19 4627
49  4607  20 4627
50  4606  21 4627
51  4605  22 4627
52  4605  22 4627
53  4605  22 4627
54  4604  23 4627
55  4604  23 4627
56  4602  25 4627
57  4601  26 4627
58  4600  27 4627
59  4600  27 4627
60  4600  27 4627
61  4600  27 4627
62  4599  28 4627
63  4598  29 4627
64  4598  29 4627
65  4598  29 4627
66  4597  30 4627
67  4596  31 4627
68  4594  33 4627
69  4594  33 4627
70  4593  34 4627
71  4591  36 4627
72  4591  36 4627
73  4591  36 4627
74  4590  37 4627
75  4589  38 4627
76  4588  39 4627
77  4587  40 4627
78  4587  40 4627
79  4587  40 4627
80  4587  40 4627
81  4586  41 4627
82  4585  42 4627
83  4585  42 4627
84  4584  43 4627
85  4582  45 4627
86  4581  46 4627
87  4580  47 4627
88  4579  48 4627
89  4579  48 4627
90  4579  48 4627
91  4579  48 4627
92  4578  49 4627
93  4577  50 4627
94  4577  50 4627
95  4577  50 4627
96  4576  51 4627
97  4576  51 4627
98  4576  51 4627
99  4576  51 4627
100  4575  52 4627
101  4574  53 4627
102  4574  53 4627
103  4574  53 4627
104  4573  54 4627
105  4573  54 4627
106  4572  55 4627
107  4572  55 4627
108  4571  56 4627
109  4570  57 4627
110  4570  57 4627
111  4570  57 4627
112  4569  58 4627
113  4569  58 4627
114  4569  58 4627
115  4568  59 4627
116  4568  59 4627
117  4566  61 4627
118  4565  62 4627
119  4565  62 4627
120  4565  62 4627
121  4565  62 4627
122  4564  63 4627
123  4564  63 4627
124  4563  64 4627
125  4562  65 4627
126  4562  65 4627
127  4561  66 4627
128  4561  66 4627
129  4561  66 4627
130  4561  66 4627
131  4559  68 4627
132  4558  69 4627
133  4558  69 4627
134  4558  69 4627
135  4558  69 4627
136  4556  71 4627
137  4556  71 4627
138  4554  73 4627
139  4552  75 4627
140  4551  76 4627
141  4551  76 4627
142  4551  76 4627
143  4551  76 4627
144  4551  76 4627
145  4550  77 4627
146  4550  77 4627
147  4550  77 4627
148  4550  77 4627
149  4549  78 4627
150  4549  78 4627
151  4548  79 4627
152  4546  81 4627
153  4546  81 4627
154  4546  81 4627
155  4546  81 4627
156  4546  81 4627
157  4545  82 4627
158  4543  84 4627
159  4543  84 4627
160  4543  84 4627
161  4543  84 4627
162  4543  84 4627
163  4543  84 4627
164  4542  85 4627
165  4542  85 4627
166  4542  85 4627
167  4542  85 4627
168  4542  85 4627
169  4542  85 4627
170  4541  86 4627
171  4540  87 4627
172  4539  88 4627
173  4538  89 4627
174  4538  89 4627
175  4537  90 4627
176  4534  93 4627
177  4534  93 4627
178  4533  94 4627
179  4531  96 4627
180  4531  96 4627
181  4530  97 4627
182  4529  98 4627
183  4529  98 4627
184  4528  99 4627
185  4527  100 4627
186  4526  101 4627
187  4526  101 4627
188  4526  101 4627
189  4525  102 4627
190  4525  102 4627
191  4521  106 4627
192  4521  106 4627
193  4521  106 4627
194  4521  106 4627
195  4520  107 4627
196  4520  107 4627
197  4520  107 4627
198  4520  107 4627
199  4519  108 4627
200  4519  108 4627
201  4518  109 4627
202  4517  110 4627
203  4516  111 4627
204  4516  111 4627
205  4514  113 4627
206  4514  113 4627
207  4514  113 4627
208  4514  113 4627
209  4513  114 4627
210  4511  116 4627
211  4510  117 4627
212  4509  118 4627
213  4509  118 4627
214  4509  118 4627
215  4509  118 4627
216  4509  118 4627
217  4508  119 4627
218  4508  119 4627
219  4508  119 4627
220  4507  120 4627
221  4506  121 4627
222  4506  121 4627
223  4506  121 4627
224  4506  121 4627
225  4505  122 4627
226  4504  123 4627
227  4503  124 4627
228  4503  124 4627
229  4502  125 4627
230  4502  125 4627
231  4500  127 4627
232  4499  128 4627
233  4499  128 4627
234  4497  130 4627
235  4494  133 4627
236  4493  134 4627
237  4493  134 4627
238  4493  134 4627
239  4492  135 4627
240  4492  135 4627
241  4492  135 4627
242  4492  135 4627
243  4490  137 4627
244  4489  138 4627
245  4488  139 4627
246  4488  139 4627
247  4488  139 4627
248  4488  139 4627
249  4487  140 4627
250  4486  141 4627
251  4484  143 4627
252  4484  143 4627
253  4481  146 4627
254  4481  146 4627
255  4480  147 4627
256  4480  147 4627
257  4480  147 4627
258  4477  150 4627
259  4477  150 4627
260  4476  151 4627
261  4476  151 4627
262  4473  154 4627
263  4472  155 4627
264  4471  156 4627
265  4471  156 4627
266  4471  156 4627
267  4469  158 4627
268  4469  158 4627
269  4468  159 4627
270  4466  161 4627
271  4465  162 4627
272  4464  163 4627
273  4464  163 4627
274  4463  164 4627
275  4462  165 4627
276  4462  165 4627
277  4459  168 4627
278  4459  168 4627
279  4459  168 4627
280  4459  168 4627
281  4458  169 4627
282  4455  172 4627
283  4455  172 4627
284  4454  173 4627
285  4453  174 4627
286  4452  175 4627
287  4451  176 4627
288  4449  178 4627
289  4449  178 4627
290  4449  178 4627
291  4448  179 4627
292  4448  179 4627
293  4447  180 4627
294  4446  181 4627
295  4446  181 4627
296  4446  181 4627
297  4446  181 4627
298  4446  181 4627
299  4446  181 4627
300  4446  181 4627
301  4445  182 4627
302  4444  183 4627
303  4444  183 4627
304  4444  183 4627
305  4444  183 4627
306  4444  183 4627
307  4444  183 4627
308  4443  184 4627
309  4443  184 4627
310  4442  185 4627
311  4442  185 4627
312  4440  187 4627
313  4439  188 4627
314  4438  189 4627
315  4438  189 4627
316  4437  190 4627
317  4437  190 4627
318  4434  193 4627
319  4434  193 4627
320  4432  195 4627
321  4431  196 4627
322  4431  196 4627
323  4431  196 4627
324  4431  196 4627
325  4431  196 4627
326  4429  198 4627
327  4428  199 4627
328  4427  200 4627
329  4427  200 4627
330  4427  200 4627
331  4427  200 4627
332  4427  200 4627
333  4427  200 4627
334  4427  200 4627
335  4426  201 4627
336  4424  203 4627
337  4423  204 4627
338  4423  204 4627
339  4423  204 4627
340  4423  204 4627
341  4423  204 4627
342  4422  205 4627
343  4419  208 4627
344  4419  208 4627
345  4418  209 4627
346  4418  209 4627
347  4418  209 4627
348  4418  209 4627
349  4418  209 4627
350  4418  209 4627
351  4417  210 4627
352  4417  210 4627
353  4414  213 4627
354  4414  213 4627
355  4413  214 4627
356  4412  215 4627
357  4411  216 4627
358  4411  216 4627
359  4409  218 4627
360  4408  219 4627
361  4407  220 4627
362  4406  221 4627
363  4406  221 4627
364  4406  221 4627
365  4405  222 4627
366  4405  222 4627
367  4404  223 4627
368  4404  223 4627
369  4404  223 4627
370  4402  225 4627
371  4402  225 4627
372  4401  226 4627
373  4400  227 4627
374  4400  227 4627
375  4400  227 4627
376  4399  228 4627
377  4398  229 4627
378  4397  230 4627
379  4397  230 4627
380  4397  230 4627
381  4397  230 4627
382  4396  231 4627
383  4395  232 4627
384  4393  234 4627
385  4393  234 4627
386  4393  234 4627
387  4392  235 4627
388  4392  235 4627
389  4392  235 4627
390  4391  236 4627
391  4391  236 4627
392  4390  237 4627
393  4389  238 4627
394  4388  239 4627
395  4388  239 4627
396  4387  240 4627
397  4386  241 4627
398  4386  241 4627
399  4385  242 4627
400  4385  242 4627
401  4385  242 4627
402  4384  243 4627
403  4384  243 4627
404  4384  243 4627
405  4383  244 4627
406  4380  247 4627
407  4380  247 4627
408  4379  248 4627
409  4379  248 4627
410  4379  248 4627
411  4379  248 4627
412  4378  249 4627
413  4378  249 4627
414  4378  249 4627
415  4376  251 4627
416  4376  251 4627
417  4375  252 4627
418  4375  252 4627
419  4373  254 4627
420  4372  255 4627
421  4370  257 4627
422  4370  257 4627
423  4368  259 4627
424  4367  260 4627
425  4366  261 4627
426  4366  261 4627
427  4366  261 4627
428  4365  262 4627
429  4365  262 4627
430  4364  263 4627
431  4363  264 4627
432  4360  267 4627
433  4360  267 4627
434  4357  270 4627
435  4357  270 4627
436  4357  270 4627
437  4356  271 4627
438  4353  274 4627
439  4352  275 4627
440  4352  275 4627
441  4352  275 4627
442  4351  276 4627
443  4348  279 4627
444  4348  279 4627
445  4348  279 4627
446  4347  280 4627
447  4347  280 4627
448  4347  280 4627
449  4346  281 4627
450  4344  283 4627
451  4343  284 4627
452  4343  284 4627
453  4342  285 4627
454  4342  285 4627
455  4341  286 4627
456  4341  286 4627
457  4341  286 4627
458  4341  286 4627
459  4340  287 4627
460  4339  288 4627
461  4339  288 4627
462  4339  288 4627
463  4339  288 4627
464  4339  288 4627
465  4338  289 4627
466  4338  289 4627
467  4336  291 4627
468  4336  291 4627
469  4335  292 4627
470  4335  292 4627
471  4335  292 4627
472  4335  292 4627
473  4334  293 4627
474  4334  293 4627
475  4334  293 4627
476  4333  294 4627
477  4333  294 4627
478  4333  294 4627
479  4333  294 4627
480  4330  297 4627
481  4328  299 4627
482  4325  302 4627
483  4325  302 4627
484  4323  304 4627
485  4323  304 4627
486  4321  306 4627
487  4319  308 4627
488  4318  309 4627
489  4318  309 4627
490  4318  309 4627
491  4318  309 4627
492  4317  310 4627
493  4316  311 4627
494  4314  313 4627
495  4313  314 4627
496  4313  314 4627
497  4313  314 4627
498  4312  315 4627
499  4312  315 4627
500  4311  316 4627
501  4310  317 4627
502  4310  317 4627
503  4310  317 4627
504  4308  319 4627
505  4308  319 4627
506  4307  320 4627
507  4306  321 4627
508  4305  322 4627
509  4304  323 4627
510  4304  323 4627
511  4303  324 4627
512  4302  325 4627
513  4301  326 4627
514  4298  329 4627
515  4297  330 4627
516  4297  330 4627
517  4296  331 4627
518  4295  332 4627
519  4295  332 4627
520  4294  333 4627
521  4293  334 4627
522  4292  335 4627
523  4291  336 4627
524  4290  337 4627
525  4290  337 4627
526  4287  340 4627
527  4287  340 4627
528  4283  344 4627
529  4283  344 4627
530  4283  344 4627
531  4282  345 4627
532  4281  346 4627
533  4280  347 4627
534  4280  347 4627
535  4277  350 4627
536  4277  350 4627
537  4277  350 4627
538  4276  351 4627
539  4275  352 4627
540  4274  353 4627
541  4273  354 4627
542  4273  354 4627
543  4271  356 4627
544  4270  357 4627
545  4269  358 4627
546  4269  358 4627
547  4265  362 4627
548  4264  363 4627
549  4264  363 4627
550  4264  363 4627
551  4263  364 4627
552  4262  365 4627
553  4262  365 4627
554  4262  365 4627
555  4261  366 4627
556  4261  366 4627
557  4258  369 4627
558  4258  369 4627
559  4258  369 4627
560  4257  370 4627
561  4257  370 4627
562  4256  371 4627
563  4256  371 4627
564  4254  373 4627
565  4252  375 4627
566  4252  375 4627
567  4251  376 4627
568  4251  376 4627
569  4249  378 4627
570  4249  378 4627
571  4246  381 4627
572  4246  381 4627
573  4246  381 4627
574  4246  381 4627
575  4246  381 4627
576  4246  381 4627
577  4244  383 4627
578  4244  383 4627
579  4244  383 4627
580  4244  383 4627
581  4243  384 4627
582  4243  384 4627
583  4243  384 4627
584  4242  385 4627
585  4242  385 4627
586  4241  386 4627
587  4241  386 4627
588  4240  387 4627
589  4240  387 4627
590  4238  389 4627
591  4238  389 4627
592  4238  389 4627
593  4237  390 4627
594  4236  391 4627
595  4234  393 4627
596  4232  395 4627
597  4232  395 4627
598  4231  396 4627
599  4231  396 4627
600  4230  397 4627
601  4229  398 4627
602  4227  400 4627
603  4226  401 4627
604  4224  403 4627
605  4222  405 4627
606  4222  405 4627
607  4221  406 4627
608  4221  406 4627
609  4220  407 4627
610  4219  408 4627
611  4218  409 4627
612  4218  409 4627
613  4218  409 4627
614  4218  409 4627
615  4218  409 4627
616  4216  411 4627
617  4212  415 4627
618  4209  418 4627
619  4209  418 4627
620  4208  419 4627
621  4208  419 4627
622  4207  420 4627
623  4206  421 4627
624  4205  422 4627
625  4205  422 4627
626  4203  424 4627
627  4202  425 4627
628  4201  426 4627
629  4201  426 4627
630  4201  426 4627
631  4201  426 4627
632  4201  426 4627
633  4201  426 4627
634  4200  427 4627
635  4199  428 4627
636  4198  429 4627
637  4198  429 4627
638  4197  430 4627
639  4197  430 4627
640  4197  430 4627
641  4197  430 4627
642  4196  431 4627
643  4195  432 4627
644  4195  432 4627
645  4194  433 4627
646  4193  434 4627
647  4192  435 4627
648  4192  435 4627
649  4191  436 4627
650  4189  438 4627
651  4189  438 4627
652  4189  438 4627
653  4188  439 4627
654  4188  439 4627
655  4187  440 4627
656  4187  440 4627
657  4186  441 4627
658  4186  441 4627
659  4185  442 4627
660  4185  442 4627
661  4185  442 4627
662  4185  442 4627
663  4185  442 4627
664  4185  442 4627
665  4183  444 4627
666  4183  444 4627
667  4182  445 4627
668  4182  445 4627
669  4182  445 4627
670  4181  446 4627
671  4179  448 4627
672  4179  448 4627
673  4176  451 4627
674  4176  451 4627
675  4176  451 4627
676  4174  453 4627
677  4172  455 4627
678  4170  457 4627
679  4170  457 4627
680  4168  459 4627
681  4166  461 4627
682  4165  462 4627
683  4163  464 4627
684  4161  466 4627
685  4161  466 4627
686  4157  470 4627
687  4154  473 4627
688  4153  474 4627
689  4151  476 4627
690  4148  479 4627
691  4148  479 4627
692  4148  479 4627
693  4148  479 4627
694  4147  480 4627
695  4146  481 4627
696  4146  481 4627
697  4145  482 4627
698  4144  483 4627
699  4143  484 4627
700  4142  485 4627
701  4141  486 4627
702  4139  488 4627
703  4139  488 4627
704  4137  490 4627
705  4136  491 4627
706  4134  493 4627
707  4133  494 4627
708  4132  495 4627
709  4131  496 4627
710  4131  496 4627
711  4129  498 4627
712  4128  499 4627
713  4127  500 4627
714  4126  501 4627
715  4125  502 4627
716  4124  503 4627
717  4121  506 4627
718  4120  507 4627
719  4119  508 4627
720  4117  510 4627
721  4115  512 4627
722  4113  514 4627
723  4113  514 4627
724  4113  514 4627
725  4112  515 4627
726  4111  516 4627
727  4108  519 4627
728  4108  519 4627
729  4107  520 4627
730  4106  521 4627
731  4105  522 4627
732  4105  522 4627
733  4105  522 4627
734  4104  523 4627
735  4102  525 4627
736  4102  525 4627
737  4099  528 4627
738  4099  528 4627
739  4098  529 4627
740  4096  531 4627
741  4096  531 4627
742  4095  532 4627
743  4095  532 4627
744  4095  532 4627
745  4093  534 4627
746  4092  535 4627
747  4089  538 4627
748  4089  538 4627
749  4088  539 4627
750  4088  539 4627
751  4088  539 4627
752  4085  542 4627
753  4085  542 4627
754  4083  544 4627
755  4082  545 4627
756  4082  545 4627
757  4082  545 4627
758  4080  547 4627
759  4078  549 4627
760  4078  549 4627
761  4078  549 4627
762  4078  549 4627
763  4078  549 4627
764  4077  550 4627
765  4077  550 4627
766  4076  551 4627
767  4075  552 4627
768  4075  552 4627
769  4074  553 4627
770  4073  554 4627
771  4072  555 4627
772  4072  555 4627
773  4071  556 4627
774  4070  557 4627
775  4067  560 4627
776  4066  561 4627
777  4065  562 4627
778  4065  562 4627
779  4065  562 4627
780  4064  563 4627
781  4064  563 4627
782  4064  563 4627
783  4063  564 4627
784  4063  564 4627
785  4063  564 4627
786  4062  565 4627
787  4061  566 4627
788  4060  567 4627
789  4059  568 4627
790  4058  569 4627
791  4058  569 4627
792  4058  569 4627
793  4058  569 4627
794  4056  571 4627
795  4053  574 4627
796  4050  577 4627
797  4047  580 4627
798  4046  581 4627
799  4045  582 4627
800  4045  582 4627
801  4044  583 4627
802  4043  584 4627
803  4042  585 4627
804  4041  586 4627
805  4041  586 4627
806  4040  587 4627
807  4040  587 4627
808  4037  590 4627
809  4036  591 4627
810  4036  591 4627
811  4033  594 4627
812  4032  595 4627
813  4031  596 4627
814  4030  597 4627
815  4030  597 4627
816  4028  599 4627
817  4027  600 4627
818  4026  601 4627
819  4026  601 4627
820  4026  601 4627
821  4025  602 4627
822  4025  602 4627
823  4025  602 4627
824  4025  602 4627
825  4025  602 4627
826  4023  604 4627
827  4023  604 4627
828  4023  604 4627
829  4023  604 4627
830  4023  604 4627
831  4023  604 4627
832  4021  606 4627
833  4019  608 4627
834  4019  608 4627
835  4018  609 4627
836  4017  610 4627
837  4017  610 4627
838  4017  610 4627
839  4017  610 4627
840  4017  610 4627
841  4016  611 4627
842  4015  612 4627
843  4015  612 4627
844  4012  615 4627
845  4012  615 4627
846  4011  616 4627
847  4010  617 4627
848  4009  618 4627
849  4009  618 4627
850  4009  618 4627
851  4008  619 4627
852  4008  619 4627
853  4008  619 4627
854  4007  620 4627
855  4005  622 4627
856  4005  622 4627
857  4002  625 4627
858  4000  627 4627
859  3999  628 4627
860  3998  629 4627
861  3994  633 4627
862  3994  633 4627
863  3993  634 4627
864  3993  634 4627
865  3993  634 4627
866  3993  634 4627
867  3992  635 4627
868  3991  636 4627
869  3990  637 4627
870  3990  637 4627
871  3990  637 4627
872  3989  638 4627
873  3988  639 4627
874  3988  639 4627
875  3986  641 4627
876  3986  641 4627
877  3986  641 4627
878  3986  641 4627
879  3985  642 4627
880  3984  643 4627
881  3984  643 4627
882  3984  643 4627
883  3983  644 4627
884  3979  648 4627
885  3978  649 4627
886  3978  649 4627
887  3976  651 4627
888  3976  651 4627
889  3976  651 4627
890  3975  652 4627
891  3975  652 4627
892  3975  652 4627
893  3974  653 4627
894  3974  653 4627
895  3974  653 4627
896  3974  653 4627
897  3973  654 4627
898  3972  655 4627
899  3971  656 4627
900  3969  658 4627
901  3966  661 4627
902  3965  662 4627
903  3965  662 4627
904  3964  663 4627
905  3964  663 4627
906  3964  663 4627
907  3963  664 4627
908  3962  665 4627
909  3961  666 4627
910  3958  669 4627
911  3957  670 4627
912  3957  670 4627
913  3956  671 4627
914  3954  673 4627
915  3954  673 4627
916  3953  674 4627
917  3953  674 4627
918  3950  677 4627
919  3949  678 4627
920  3949  678 4627
921  3948  679 4627
922  3945  682 4627
923  3944  683 4627
924  3944  683 4627
925  3944  683 4627
926  3943  684 4627
927  3942  685 4627
928  3942  685 4627
929  3941  686 4627
930  3940  687 4627
931  3935  692 4627
932  3934  693 4627
933  3934  693 4627
934  3934  693 4627
935  3931  696 4627
936  3930  697 4627
937  3930  697 4627
938  3930  697 4627
939  3930  697 4627
940  3928  699 4627
941  3928  699 4627
942  3926  701 4627
943  3923  704 4627
944  3922  705 4627
945  3921  706 4627
946  3921  706 4627
947  3918  709 4627
948  3917  710 4627
949  3917  710 4627
950  3915  712 4627
951  3915  712 4627
952  3913  714 4627
953  3913  714 4627
954  3913  714 4627
955  3913  714 4627
956  3910  717 4627
957  3910  717 4627
958  3908  719 4627
959  3906  721 4627
960  3906  721 4627
961  3906  721 4627
962  3906  721 4627
963  3906  721 4627
964  3906  721 4627
965  3906  721 4627
966  3905  722 4627
967  3905  722 4627
968  3902  725 4627
969  3902  725 4627
970  3902  725 4627
971  3900  727 4627
972  3899  728 4627
973  3899  728 4627
974  3898  729 4627
975  3896  731 4627
976  3896  731 4627
977  3896  731 4627
978  3895  732 4627
979  3895  732 4627
980  3893  734 4627
981  3892  735 4627
982  3889  738 4627
983  3889  738 4627
984  3889  738 4627
985  3889  738 4627
986  3887  740 4627
987  3886  741 4627
988  3885  742 4627
989  3885  742 4627
990  3883  744 4627
991  3883  744 4627
992  3883  744 4627
993  3882  745 4627
994  3881  746 4627
995  3881  746 4627
996  3881  746 4627
997  3880  747 4627
998  3880  747 4627
999  3879  748 4627
1000  3879  748 4627
1001  3879  748 4627
1002  3879  748 4627
1003  3879  748 4627
1004  3878  749 4627
1005  3877  750 4627
1006  3875  752 4627
1007  3875  752 4627
1008  3875  752 4627
1009  3875  752 4627
1010  3875  752 4627
1011  3873  754 4627
1012  3873  754 4627
1013  3871  756 4627
1014  3869  758 4627
1015  3868  759 4627
1016  3866  761 4627
1017  3866  761 4627
1018  3866  761 4627
1019  3865  762 4627
1020  3863  764 4627
1021  3863  764 4627
1022  3862  765 4627
1023  3862  765 4627
1024  3861  766 4627
1025  3860  767 4627
1026  3860  767 4627
1027  3858  769 4627
1028  3857  770 4627
1029  3857  770 4627
1030  3855  772 4627
1031  3855  772 4627
1032  3855  772 4627
1033  3855  772 4627
1034  3854  773 4627
1035  3851  776 4627
1036  3851  776 4627
1037  3851  776 4627
1038  3851  776 4627
1039  3851  776 4627
1040  3850  777 4627
1041  3849  778 4627
1042  3847  780 4627
1043  3847  780 4627
1044  3847  780 4627
1045  3846  781 4627
1046  3845  782 4627
1047  3845  782 4627
1048  3843  784 4627
1049  3841  786 4627
1050  3841  786 4627
1051  3840  787 4627
1052  3840  787 4627
1053  3838  789 4627
1054  3837  790 4627
1055  3836  791 4627
1056  3834  793 4627
1057  3832  795 4627
1058  3832  795 4627
1059  3830  797 4627
1060  3828  799 4627
1061  3827  800 4627
1062  3825  802 4627
1063  3822  805 4627
1064  3821  806 4627
1065  3821  806 4627
1066  3819  808 4627
1067  3819  808 4627
1068  3818  809 4627
1069  3817  810 4627
1070  3816  811 4627
1071  3815  812 4627
1072  3814  813 4627
1073  3813  814 4627
1074  3811  816 4627
1075  3811  816 4627
1076  3811  816 4627
1077  3810  817 4627
1078  3809  818 4627
1079  3808  819 4627
1080  3807  820 4627
1081  3807  820 4627
1082  3807  820 4627
1083  3806  821 4627
1084  3805  822 4627
1085  3804  823 4627
1086  3804  823 4627
1087  3802  825 4627
1088  3802  825 4627
1089  3802  825 4627
1090  3799  828 4627
1091  3798  829 4627
1092  3798  829 4627
1093  3796  831 4627
1094  3795  832 4627
1095  3795  832 4627
1096  3793  834 4627
1097  3793  834 4627
1098  3793  834 4627
1099  3790  837 4627
1100  3789  838 4627
1101  3788  839 4627
1102  3788  839 4627
1103  3788  839 4627
1104  3788  839 4627
1105  3788  839 4627
1106  3787  840 4627
1107  3787  840 4627
1108  3786  841 4627
1109  3786  841 4627
1110  3786  841 4627
1111  3785  842 4627
1112  3783  844 4627
1113  3783  844 4627
1114  3781  846 4627
1115  3781  846 4627
1116  3780  847 4627
1117  3780  847 4627
1118  3780  847 4627
1119  3779  848 4627
1120  3777  850 4627
1121  3777  850 4627
1122  3777  850 4627
1123  3776  851 4627
1124  3774  853 4627
1125  3773  854 4627
1126  3773  854 4627
1127  3772  855 4627
1128  3771  856 4627
1129  3770  857 4627
1130  3769  858 4627
1131  3768  859 4627
1132  3767  860 4627
1133  3765  862 4627
1134  3763  864 4627
1135  3762  865 4627
1136  3761  866 4627
1137  3759  868 4627
1138  3756  871 4627
1139  3754  873 4627
1140  3751  876 4627
1141  3749  878 4627
1142  3749  878 4627
1143  3749  878 4627
1144  3749  878 4627
1145  3749  878 4627
1146  3749  878 4627
1147  3749  878 4627
1148  3749  878 4627
1149  3748  879 4627
1150  3747  880 4627
1151  3746  881 4627
1152  3743  884 4627
1153  3741  886 4627
1154  3741  886 4627
1155  3740  887 4627
1156  3740  887 4627
1157  3736  891 4627
1158  3734  893 4627
1159  3734  893 4627
1160  3732  895 4627
1161  3731  896 4627
1162  3731  896 4627
1163  3729  898 4627
1164  3729  898 4627
1165  3728  899 4627
1166  3727  900 4627
1167  3727  900 4627
1168  3726  901 4627
1169  3724  903 4627
1170  3723  904 4627
1171  3723  904 4627
1172  3722  905 4627
1173  3721  906 4627
1174  3721  906 4627
1175  3721  906 4627
1176  3718  909 4627
1177  3716  911 4627
1178  3716  911 4627
1179  3715  912 4627
1180  3715  912 4627
1181  3714  913 4627
1182  3714  913 4627
1183  3713  914 4627
1184  3712  915 4627
1185  3712  915 4627
1186  3712  915 4627
1187  3711  916 4627
1188  3711  916 4627
1189  3710  917 4627
1190  3710  917 4627
1191  3708  919 4627
1192  3706  921 4627
1193  3705  922 4627
1194  3705  922 4627
1195  3705  922 4627
1196  3704  923 4627
1197  3704  923 4627
1198  3704  923 4627
1199  3702  925 4627
